9.699476898776515199e+00
7.159807120666922486e+00
1.175753663259445680e+01
7.316028492826521124e+00
1.761128888023717565e+01
6.242705774169106547e+00
7.647303687333535827e+00
8.114473039711091573e+00
8.752354743467318343e+00
6.352157701840823734e+00
5.438687174498643806e+00
6.745700817030094498e+00
8.243251212773245129e+00
9.515193147531745055e+00
9.069428806769943563e+00
9.596752881280856684e+00
8.699599862662758198e+00
1.246853991833928355e+01
9.110642245711773057e+00
9.516405794163537379e+00
7.470024677474505381e+00
1.112809987480657448e+01
8.382741064767810002e+00
6.988566038716602868e+00
6.066681611032157306e+00
5.828890384435952754e+00
1.479465438020475077e+01
6.121791427362036409e+00
1.411193994154723619e+01
5.407495613209190921e+00
9.768354090602676010e+00
7.961414160508249793e+00
7.637660282669630263e+00
1.116028932484416281e+01
1.040672254102981853e+01
1.257720435749410193e+01
8.412717951470295219e+00
6.820630974816449310e+00
1.024051734756745802e+01
5.734485789144286194e+00
4.688516699874806903e+00
1.254264504317330164e+01
6.621937600222945974e+00
8.745208044307103634e+00
1.509063190603170135e+01
1.030687782610239900e+01
1.007599363429701000e+01
7.438524053025858507e+00
8.165592074484667506e+00
1.191389883499065228e+01
7.634487039490446492e+00
9.093540998154313826e+00
9.998061246365752552e+00
6.385331397531126107e+00
1.352198568431758474e+01
7.665679102596964611e+00
6.856935095857334517e+00
1.022093234623218194e+01
9.576220818220251729e+00
9.911896751439952524e+00
7.277028678075165402e+00
7.945324838519945310e+00
1.395853286218045319e+01
6.580712602282250856e+00
1.623833691808293977e+01
6.478408019571305410e+00
8.434915122529101694e+00
5.679978349704606799e+00
1.308658609187542154e+01
8.394026558621446199e+00
5.728673071724029953e+00
1.417444779035763069e+01
7.921371229041831441e+00
1.042798001005346364e+01
1.309056591860901797e+01
1.371271628028030953e+01
5.910272665133652126e+00
1.220312097926046491e+01
7.027851130469361607e+00
7.016613760960159318e+00
1.089327375783406815e+01
1.105873199750927327e+01
1.493140594329591408e+01
4.909788700382841320e+00
4.902712039711252245e+00
7.908982977654190449e+00
1.986537380487856552e+01
4.036154789495462580e+00
1.574568535775493672e+01
9.183574775834953741e+00
6.069710223514679370e+00
7.016084409181941872e+00
7.701477839530464387e+00
5.918564766377532038e+00
1.500246243769096388e+01
7.356726491389996347e+00
9.161117873613898510e+00
9.062998983968800104e+00
8.827529960676223197e+00
1.539549379854353717e+01
9.939253765732731338e+00
1.771516672604012754e+01
1.105532821118380937e+01
1.215416265521306194e+01
9.245375878369229028e+00
4.308003952398675729e+00
8.839670423390838749e+00
6.845267338623697739e+00
8.594205648228683714e+00
1.027069405928386558e+01
7.998374811384718619e+00
1.007659605530620262e+01
6.302184410779299029e+00
9.912130306894260556e+00
1.330140610945472801e+01
1.760899855834584926e+01
1.372486576795571622e+01
1.204825811067267693e+01
7.760505904439125580e+00
9.857711637265531124e+00
9.152699329733236411e+00
1.106089265733953475e+01
6.017622637684881148e+00
8.904206664167768182e+00
6.142779350987550124e+00
1.290457350939832004e+01
1.239957986362173514e+01
1.366004991862898699e+01
9.134068884711924241e+00
7.484255095024163751e+00
5.133459373552939020e+00
6.232974251691517864e+00
6.011154839964500951e+00
1.483519899974258749e+01
9.505772375020816511e+00
1.275529728110792149e+01
1.680447507189454370e+01
7.101457233008425796e+00
1.025637675739193000e+01
1.213380524304406904e+01
1.348115433140292296e+01
1.039476371468774119e+01
1.453121768253316048e+01
1.052537930841299030e+01
1.769679917892437260e+01
9.420610560149032864e+00
1.531104753223745263e+01
1.213312223333966244e+01
5.415466694405481007e+00
8.871728141893521880e+00
8.415914735299750760e+00
9.025233485082663876e+00
1.507034483419510629e+01
1.249726191566414535e+01
1.201340708275018621e+01
6.843074610582652539e+00
7.605381425795693318e+00
7.979109810038184314e+00
4.941515625749549834e+00
5.306946398715061797e+00
4.711298621371304840e+00
9.163351318802003931e+00
9.051294207985211671e+00
8.140965588556134946e+00
7.420450402859431804e+00
1.147950139313218720e+01
1.475480525346966409e+01
7.801902592447862439e+00
1.118329621400641649e+01
1.078792518330771522e+01
1.537502438922841463e+01
1.001691977083174656e+01
5.330381127960913901e+00
1.149828628585744461e+01
1.585501352301178812e+01
5.947615695999632912e+00
1.659915908933283291e+01
1.283629080319591154e+01
6.145498150044803154e+00
9.223088559312650148e+00
1.491928537465898508e+01
1.398111504541245687e+01
1.026578307911922927e+01
6.654361605069215813e+00
9.984097306158838947e+00
8.797789176232372554e+00
9.074128523778792754e+00
8.456830672247640734e+00
7.898400881152993769e+00
5.373733598151180679e+00
1.030014675728472717e+01
1.367578577749353741e+01
6.884607480921915545e+00
5.890562993642634915e+00
6.601501948777867668e+00
6.955720150874971530e+00
1.234419121800710428e+01
1.143427488444023155e+01
1.137494216934028657e+01
1.283630407121286510e+01
5.646645602567202715e+00
4.333871742672791960e+00
5.716940978398771023e+00
8.873849779554531025e+00
9.027681938831863206e+00
6.828779415747074921e+00
9.974280676041333393e+00
7.051211066150160356e+00
7.624947641149763200e+00
6.807152857525219147e+00
1.034726932819111234e+01
5.828208378309927440e+00
6.849662475492767300e+00
7.775782288570249889e+00
4.990253511703426348e+00
8.994834379625663345e+00
4.973689174490671050e+00
8.448481371903620030e+00
5.231094721072934384e+00
6.649083067499056199e+00
9.243897924194332205e+00
1.418238367511380282e+01
1.225066049842573079e+01
8.443556578794575884e+00
7.541585768660189260e+00
1.109101297951280252e+01
1.149048142666809902e+01
8.286931938719710899e+00
6.308293252018700947e+00
1.095879391374872114e+01
8.714455562284811663e+00
6.479867525362673852e+00
1.121342829059863533e+01
1.188261047738015286e+01
5.689201731592801181e+00
8.548397232019695480e+00
6.027158586318801525e+00
1.101502214250068157e+01
1.009479241733720656e+01
1.890693943121527809e+01
9.386963974403096600e+00
6.424387314284166095e+00
9.817580543978635887e+00
8.854509328568425985e+00
1.087479787356410910e+01
1.111015223912246697e+01
9.036975801153946719e+00
6.753395316100706758e+00
1.191455830703058894e+01
9.627266820941878578e+00
